epoch:0 0.0160  0.0528  0.0038  0.0000  0.0018  0.0219  0.0283  0.0502  0.0510  0.0000  0.0034  0.0724  0.9229  0.005000
epoch:1 0.0626  0.1930  0.0188  0.0003  0.0145  0.0853  0.1112  0.1825  0.1841  0.0007  0.0444  0.2407  0.6648  0.005000
epoch:2 0.0798  0.2441  0.0239  0.0004  0.0265  0.1093  0.1355  0.2388  0.2446  0.0033  0.0878  0.3140  0.6079  0.005000
epoch:3 0.0905  0.2634  0.0332  0.0008  0.0260  0.1235  0.1411  0.2175  0.2209  0.0078  0.0844  0.2805  0.5774  0.005000
