epoch:0 0.0147  0.0487  0.0043  0.0000  0.0017  0.0209  0.0263  0.0450  0.0453  0.0000  0.0036  0.0635  0.9206  0.005000
epoch:1 0.0655  0.2039  0.0186  0.0000  0.0145  0.0908  0.1160  0.2137  0.2161  0.0003  0.0436  0.2892  0.6652  0.005000
